$ANSIBLE_VAULT;1.1;AES256
32353238616333663630323564306235386537343339616665376365363133393565396538633164
3137653630633239363065336465343637656637663030300a633562616163373563313463333064
37373833393331353562616361303934383161613261356465336464323738343038656239663365
3532656139343930310a636339653362373839303563646139613865666462386131313031663662
62666132316635353734346361323831666133383039363566643239313639653737643438383834
32316162663732383531343438633830393861613332306132316338306163633866666562613830
30663964313662643039326238353437306266393434326431303932363533366363373635366332
61303362353566393332643362343335353363393864663837373231326661613435623732613566
64653839303435303965656261313234393338333466323265346232656166393632626163346634
66663765356237363735393832616262316363636232343334623431323565373366626335663633
35353236313834386361656433383736646464623933613561653361313739386438373566653637
64643434343931393536396333353861336566353562356334333633333264303062396631393861
39653434393566616165376431326137383366663136663366373031663931386565376631626639
35353237336166313637616464636562646366393233636333313038343536386633623233613162
33373330343864626638396633626436643737306633653831376333343337336136386337353437
64323833306331633937343065383133653330363534303366623861663536313863343666333766
30303562393236383765346562353263343736336537363137316439376239346136336136356539
30363961353762386461356535326335343938363236373762663833353633366135613137613832
63316464376661623538313732383832303538386537626265626563633635363666653031636363
32616630353730633432643435313663343239626664613462323963396232653735613362633535
39313264616536646333353538666531616666633630306362626431303762326139623439646465
37336437636565393337333434393837376533623832346666363562613661663564653639613234
30623761333836653861343761633636386538353832376637626565316535356162633639616631
65303561313865636262383361663632303930303166303231616366333861636561323534623366
64356262363537346536333732303736353161373432626233646134363762333866363866333063
65646231383932316538313337346233313536383133663235396665616164623435363535363130
30623337363730326338616231646639373933393730373937613764366464646230333939663630
65363934306537636635363832376236313435333664386636376530666232386537363337313739
33643466343262636563306232633062313364333465366537333035326563326634373562643534
36363462613566633232653035313463363438316161363035653738623336376234643131386336
32363038323864613365623664306336326337303530663866383232303638373863393630373933
30316530366233663066393531373736396363633834356361643430663963323036373163303831
38343961623466313532623966663530643338343236306433366262363566396430386632353964
64633930656361623630313662396139396430393264336561373361326362336163663635643564
61643336663966343736353931386363346665383034626433356163306532613131306135376337
32633264636332343137663038333434303066663163636133646636303963306337353331343437
64613762333636656165656638373531353137356263376431383762616463393639393933363832
61343734633331623963346164316165346434633235366137623230643066343235363036653466
33643339323936343038303962336565663533363933363234666434316666333931373430326639
31343563643661396334663639393530303337656234323631323836346263616537663838396464
36363135656334316234633136306230353930363734323335623334386237336665353234663966
39323163333930373834653164363039313662373837346132323432336662323264613163316264
62363065366466623861356364386163643534316264313563313735653764386530303765323461
62306639343637333366623539653538653435346263623033366366363465616637356265373731
30653538666161643132383062356361636133636238383437343539653934373836653962646231
33306332656536373265626431366632373630373937366436646431373632313763616438333039
61636534373033316638613337316337646561333466376635363961613662653564623236343538
39663835343138393261313839396136376261616565366333653165343832313131643430663961
34633264316138336539386437323662656238336233363232303564393531376130613861336561
61333432663966623933396237616330346130663230306136303066386233386462386135363061
62376330383535656230373631373065303734643339336438626232333138643365396232646533
64306635613061316435313565653532346162363635643366363931303164366537393131303431
64323635336362306330653133376536336462306564636666366631303764343765626637316633
35613431336165616439616562653362316161373034376665366336643339373239656261333066
64626662346530333761646534626636383732653730326533613263623539393132326636613135
61353435303038653361363137633039613430393235636332313565626139386665333832653963
63313737306633656635626438326332393062636663613633343965623435633730613531393138
66326638623662356638623734373437336630393637306139313434316531393737343333656237
32656633383664383962626139386639313538363038383764626332353966303965316632663337
30646162323637626233626561376136386339343237353661663262363639623335316366653639
63393464373961326564653133633837333563303838366334623439376536333065306134313864
37333232643665316538316334396334323837316331346232316336353563623430356265333332
39353662366438303130336334386365376663333735323932346131323465666430363165343436
65396332383630333035313539356465393438336338353463393436623435363561383432383135
35383137353639363535356563326436623464336639663533643264643538323834633136663463
34613437316263323238383235616634393931353130643261353839306636636566353262313966
63323830313239663139383965636134343966643361646637326336663836336464613764326162
61343634633836396237333365396433653463623137646262323230616135396136366466383738
35646266323466366265316437343931626435343166616130653863306465653332653239306632
38633736373464353933376535373663316566303865373630313735376239653663323336363064
63386662323362616437643466393830326132663062383132306436633532323963316530343939
38346431666437626439383861336261643937383438663137643832383961386639373164303837
64376532663036633134613830626234383132656533333135363036386463396234303966653532
61323138396339373937646365376433356462333133393533353331333938363933656135343465
32356533353831363963633835613134343830323536393164333435656463653861326633333434
37383162393137326236323336663439356131336631613432376361316236616539643062343264
62623637353031646433653463363564653665633866656138366262353433383430383536643230
30353535396334646533346164613362613764336338633832646565656465346333316135373265
38616435393262626332633265623832303934666436333166323531303231383937626534383632
62383736363835656636623466666266343739393837363164613666663730373330393138656339
37626435383232316464386338623663653261666366306365613063653434353730326137376563
66353039376265356530663763313638346434303161363236376132323230633335616265396564
61373530336434663939386533353763663239356333393834626132643662666438616134313934
63663233383162646437303763373533343463623535653863656530653262326566626663323263
33323931366466383363393437356164623830663336653631643330356261323232386564303431
64366633613264373232363830343261396630656465653165386466393261323431383031336438
61623862366333383230376636313961633165613936316661333738636666666139313364323666
65343032393633633434636361366661663936383465333162633563396238303466393263383065
36646339363637313437626161656264636663373130363536623762623563666436666165386663
63666336386237323533653531383361316636646639626166613462646466373033323732646335
32353830396131633738616438373037623936353865383034373864343966646431303338383663
33636331366661633963306235366365356335306438363833306163313235653832643466376631
64383130383564343362656562643737356438643334636135316137646630666261666330376563
36623937646361386364316336306138316236393738323531346163643662316238613430636362
34323439613733623739336437386637373434373930643033636331643166376531386261646464
37663137663336333138646263643830646438396539656266633465336137653939616562373464
34613266356132336330376336333363643361343738376139333434356666303164323230646338
64326331613737336137646566303862663930613263346436333666393035313332343734303632
38613133666561373137386531393361616130613439366261363138396634666164656234373635
64313238363237303761383066616236666163653931663338386238633134313939613733376335
64333064373131343764663332343131383239616565366437346234373263306631383732316432
65626366333562306331623566393031646431613962326232613636353063373864623566623565
37303435333662356166306364623432326233623238373437353066633837663863306566386363
64653562363535613866636332366433323436313262396636306562396535386161626534366136
36636338393037396362346234613039306465373333653161353630326562373133653738393731
33366164343031343266633363616532373430383436393137663332356539363030306365613166
66366136623464353163316166333035646135393463343233626237336430616635646635623432
61313765623965306365343365666664636536653032613830616331343863646631306561326636
36383139383230316663363162643166663562313466643235633866643330666136393561316365
61616339363331643136303665656234323738643061353861326662373237313332636563656262
35643430343933393233623531363235306366303962336535393133643838323761303063666362
35333834366533343764396539633036396438336333346562663932636362363639333030313164
39333834303136303864393365353532323131353034316164386137643766376330353762613861
33353835376661313935646636373736643531363639386134373637303163386532336239393537
32396330643563366166613339386332656433373161623363336636303436663735393237666339
36366338633866353532356631613238653531616661343330646466326335336333386665383233
37666263653261663064333162343365303030313561303930353864613666386666383435613837
63653934623064623334623962343039663366373930336162343634613234323932366133613463
66636332303030336264313431666132383438373035353662636331396339663266643161623539
38313634343634666363376164376639326164303763356365636631663436363036616633326363
30623762326466663132323763313036316337656534623866346339386639623438393530396632
61663161666666616665646339623130643935363932393139663235616262316231613162333238
34363332623763333034623432623231393637363230626335353262633164636237343034313436
64376137643466326635623662343133346261316336336430393136653561326536303762366430
30633733376231383036393637623437613335326535333238303863626366316434346132333536
34643431343639393362616264383539616562663365643634663138666361386235646336323737
35396363373038356265393534376132613736646236633539353266343234663836373265336334
31633132646330343837663964313162636163353130356437376638653864393936373430616636
33613165336361303833626137633039643264623138356338346362663165343966353537323738
31383062626566656236623738383361666131643664616536376532356133646362666239313634
33376539613266623065313566626233353435373363303035616537313838353561326366343666
65633065613362636434383262353333633065393230383536643138626662636530353934623861
34646133356238383730646461656236626634326434633861366165376437353064346231366239
62653935306332666630346564363033343830623366646462353833323666633163356236616365
61316135336638313238333138623930353565363161343930363439373062303534616230616135
39663661623330643661643861633338353538333634316436386163363236663734313362353732
64316630373263636437626639663832306339353365616335323230356366623735343462663236
62306335626635333634346562353036366163663366616265353465333231396664663261363333
37306236373361306466383637346665373535663363333134633861366533346664303661306561
31346437653665616334363236626637363434303639346666346164336434643962356135363139
62346532616563396264316132346632666566613237343734653330353762393734383531366236
35613834383230303838633736356565383763363564663065346335636361646166636565306337
66306238396638656237616434313337363932353063303735646336363632323933646163623830
62366436396564653163643532323738663963323430336566653039333034646439646561363639
39363063336662326664323965663535323365313463653963363263393330623762626265323932
31303832303161303733376134303261373332396465383031336136316338376135373238656539
38393565656239353637643939633139333439326339363065636265646534383038643934646431
62323063313032633263316339386136386162306661316335346363303163316363643435313463
31353939343066376638333861343032353731343233623538306433666537626536343032393135
37333232343765373631646364343735613633376138393463623732373233326665323062363338
62316663396264653837636534633663363937636265333563356530313730633364326562343534
64353730303461363764383364323136303330313339666661383065363838326630616263623065
31306461363037353834613566663231316537666165366464383935653037323336613962656437
63343635396666306137373936653637656632363636313130636135633635393663346131323031
37663266353835613065373664616134383035393734383233373635643339386533633662386466
39656630383935646331613830326238383831323363623366633331383837383037343632333936
34656635363034363435653032663333313662306437383338336238356530393963633436636131
61366364626439633630356537306435313635613761613631383039646236346137353937343233
38383530623131376361666632366262336137346266323533653362363330313136346163623637
32613539653934306530633136663131373065623533393831623265326230363163643138333664
36336238303663643062323839643666316264383165393738613035636630383431396338333132
39313736656339623235626563643563353562333861636335633438346465393937303935623766
63613033363531313963313436643137396564373436643432633164653638613733643035316163
32393835653833313630343634396163663631616239333631373762396561303336343963646635
37353662333261303033393861653765333065373466313162393962633837653833653864306239
32393137373239303066333664396636656664626164326663643734633130366130353037633138
32393037383134313031393234306665396134323766376633333962313962633935653935363731
63636265623833616636636362636564666136386435636135313563363332646663626336616638
63353436646462633630343839656137353138656163353936353461633364636262646337333638
33643364353133616535626365303233613862313161303935333562313433636432396566383863
34373330353632343765336338386566643233333562383931343237653766303430656638373165
37333731336138393630
